#BASIS SET: (26s,21p,14d,2f,1g) -> [5s,3p,2d]
Y    S
 125652000.0000000           0.0000380             -0.0000220              0.0000060             -0.0000020              0.0000010
 20133700.0000000            0.0000990             -0.0000570              0.0000150             -0.0000050              0.0000010
 4277710.0000000             0.0002750             -0.0001590              0.0000420             -0.0000150              0.0000040
 1129920.0000000             0.0006340             -0.0003680              0.0000970             -0.0000350              0.0000100
 351974.0000000              0.0013810             -0.0008030              0.0002120             -0.0000760              0.0000210
 123945.0000000              0.0028690             -0.0016720              0.0004420             -0.0001590              0.0000430
  47739.9000000              0.0059230             -0.0034650              0.0009200             -0.0003300              0.0000900
  19619.2000000              0.0123320             -0.0072570              0.0019340             -0.0006950              0.0001900
   8450.3600000              0.0261600             -0.0155630              0.0041920             -0.0015050              0.0004100
   3769.0200000              0.0556820             -0.0337490              0.0092110             -0.0033110              0.0009050
   1727.9100000              0.1138630             -0.0716650              0.0201940             -0.0072380              0.0019740
    811.0400000              0.2051020             -0.1390300              0.0412260             -0.0148080              0.0040530
    389.1110000              0.2814370             -0.2226090              0.0731750             -0.0261900              0.0071420
    190.7170000              0.2287340             -0.2338900              0.0874300             -0.0316290              0.0087000
     95.4433000              0.0890280             -0.0401650              0.0099990             -0.0034010              0.0008310
     48.6821000              0.0824400              0.3553160             -0.2504440              0.0946240             -0.0258900
     25.2032000              0.1083430              0.5138360             -0.4946370              0.2044610             -0.0573760
     13.1419000              0.0442950              0.2129770             -0.2142400              0.0856020             -0.0230220
      6.8166900              0.0108440              0.0360490              0.4939470             -0.2538650              0.0712900
      3.4533900              0.0084610              0.0200810              0.6907770             -0.6127890              0.1938920
      1.6659100              0.0019320              0.0043340              0.1581590             -0.1264940              0.0312430
      0.7900420             -0.0000540             -0.0001540              0.0015260              0.7436770             -0.2852390
      0.3582790              0.0000200              0.0000270              0.0034050              0.5597720             -0.3947980
      0.0954820             -0.0000120             -0.0000270             -0.0004310              0.0475750              0.1501200
      0.0539170              0.0000090              0.0000190              0.0003640             -0.0190500              0.6757620
Y    P
 899731.0000000              0.0000140             -0.0000060              0.0000020 
 150037.0000000              0.0000530             -0.0000210              0.0000070 
  34339.3000000              0.0002080             -0.0000840              0.0000280 
   9996.3200000              0.0007750             -0.0003140              0.0001060 
   3481.5200000              0.0028250             -0.0011490              0.0003890 
   1382.5800000              0.0097320             -0.0039830              0.0013490 
    603.4010000              0.0303590             -0.0126000              0.0042740 
    281.5920000              0.0828300             -0.0352680              0.0119970 
    137.7670000              0.1847570             -0.0819870              0.0280270 
     69.6793000              0.3116770             -0.1459460              0.0502390 
     36.0696000              0.3427930             -0.1639830              0.0566460 
     18.9597000              0.1889650             -0.0007890             -0.0063640 
     10.0434000              0.0357120              0.2968570             -0.1256460 
      5.3130700             -0.0051850              0.4753820             -0.2231580 
      2.7721800             -0.0049220              0.2970230             -0.1444230 
      1.4017300             -0.0008290              0.0496310              0.2396110 
      0.6837770              0.0000540             -0.0016450              0.5197150 
      0.3265150              0.0000940             -0.0031360              0.3711800 
      0.1331130              0.0000110             -0.0004470              0.0688960 
      0.0565070              0.0000020             -0.0000380             -0.0032160 
Y    D
   1692.8100000              0.0001720             -0.0000310  
    495.3540000              0.0015040             -0.0002740  
    185.7570000              0.0088970             -0.0016290  
     80.7331000              0.0349980             -0.0064310  
     38.1052000              0.1020330             -0.0189300  
     18.7825000              0.2187390             -0.0407270  
      9.4512200              0.3241590             -0.0585640  
      4.7787300              0.3330020             -0.0555840  
      2.3834500              0.1976710              0.0031940  
      1.1262500              0.0473440              0.1495820  
      0.4918370              0.0020740              0.3059940  
      0.2031270              0.0003690              0.3834170  
      0.0806030             -0.0000910              0.3322840  
