#BASIS SET: (19s,15p) -> [3s,2p]
Fe    S
 4316265.0000000             8.048803E-06          -4.155954E-06           9.532178E-07
 646342.4000000              6.258306E-05          -3.231401E-05           7.414605E-06
 147089.7000000              0.0003290239          -0.0001699525           3.898393E-05
  41661.5200000              0.001387355           -0.0007171369           0.0001647152
  13590.7700000              0.005023256           -0.002603625            0.000598598 
   4905.7500000              0.0161014             -0.008399109            0.00194239  
   1912.7460000              0.04590034            -0.02434109             0.005687237 
    792.6043000              0.1136154             -0.06251948             0.01501329  
    344.8065000              0.2283869             -0.1365929              0.03452455  
    155.8999000              0.3221159             -0.2312707              0.0649582   
     72.2309100              0.2383661             -0.2383734              0.07716194  
     32.7250600              0.07404667             0.03123837            -0.01873411  
     15.6676200              0.09214197             0.5086818             -0.3009185   
      7.5034830              0.0933979              0.4987695             -0.4554661   
      3.3122230              0.01573965             0.09033552             0.1286463   
      1.5584710             -0.0004186682          -0.006005337            0.7183316   
      0.6839140              5.376318E-05           0.0002312454           0.4051743   
      0.1467570             -3.816654E-05          -0.000564368            0.02168227  
      0.0705830              4.319603E-05           0.000499226           -0.008343566 
Fe    P
  17745.6900000              0.0000410             -0.0000150   
   4200.7210000              0.0003690             -0.0001300   
   1364.4290000              0.0021290             -0.0007510   
    522.0806000              0.0093690             -0.0033290   
    221.4595000              0.0330970             -0.0119120   
    100.9096000              0.0944310             -0.0349330   
     48.4011500              0.2080770             -0.0799890   
     23.9853600              0.3323330             -0.1346360   
     12.1825000              0.3329870             -0.1385980   
      6.2422980              0.1568430              0.0302780   
      3.1109440              0.0215490              0.3332160   
      1.5099580             -0.0020950              0.4561530   
      0.7108450             -0.0017390              0.2850510   
      0.2731900             -0.0003000              0.0461440   
      0.1042330              0.0000290             -0.0032490   
