#BASIS SET: (8s) -> [1s]
O    S
  11720.0000000              0.0007100       
   1759.0000000              0.0054700       
    400.8000000              0.0278370       
    113.7000000              0.1048000       
     37.0300000              0.2830620       
     13.2700000              0.4487190       
      5.0250000              0.2709520       
      1.0130000              0.0154580       
#BASIS SET: (19s,15p) -> [3s,2p]
Ni    S
      5.045991E+06           8.208996E-06          -3.657849E-06           9.594149E-07 
      7.556142E+05           6.382884E-05          -2.844094E-05           7.462614E-06 
      1.719568E+05           3.355800E-04          -1.495928E-04           3.923843E-05 
      4.870479E+04           1.415075E-03          -6.313009E-04           1.657868E-04 
      1.588841E+04           5.124444E-03          -2.293052E-03           6.025905E-04 
      5.735123E+03           1.643256E-02          -7.405123E-03           1.955662E-03 
      2.236137E+03           4.689398E-02          -2.152032E-02           5.730391E-03 
      9.266468E+02           1.163534E-01          -5.560974E-02           1.514756E-02 
      4.031743E+02           2.350511E-01          -1.230176E-01           3.493499E-02 
      1.823476E+02           3.350184E-01          -2.130104E-01           6.598072E-02 
      8.454885E+01           2.534779E-01          -2.265837E-01           7.893083E-02 
      3.839634E+01           7.300901E-02           3.546796E-02          -1.906249E-02 
      1.845859E+01           6.184244E-02           5.181697E-01          -3.095921E-01 
      8.863548E+00           6.302956E-02           5.025630E-01          -4.558610E-01 
      3.916227E+00           1.008063E-02           8.955674E-02           1.482931E-01 
      1.838870E+00          -2.244528E-04          -7.031311E-03           7.134039E-01 
      8.043620E-01          -5.932767E-05          -4.339167E-04           3.976063E-01 
      1.697970E-01          -1.158562E-05          -5.831711E-04           2.295523E-02 
      7.930600E-02           8.115109E-06           4.228788E-04          -9.151758E-03 
Ni    P
      2.102792E+04           4.100000E-05          -1.500000E-05    
      4.977560E+03           3.630000E-04          -1.290000E-04    
      1.616740E+03           2.097000E-03          -7.490000E-04    
      6.186718E+02           9.250000E-03          -3.328000E-03    
      2.625183E+02           3.279600E-02          -1.194700E-02    
      1.196907E+02           9.400400E-02          -3.524200E-02    
      5.746585E+01           2.082800E-01          -8.120400E-02    
      2.852829E+01           3.336540E-01          -1.374930E-01    
      1.452148E+01           3.329040E-01          -1.392260E-01    
      7.453850E+00           1.553720E-01           3.601600E-02    
      3.723553E+00           2.085900E-02           3.391280E-01    
      1.809813E+00          -2.440000E-03           4.504720E-01    
      8.513360E-01          -1.998000E-03           2.817830E-01    
      3.248140E-01          -3.380000E-04           4.789800E-02    
      1.195220E-01           3.500000E-05          -2.987000E-03    
#BASIS SET: (19s,15p) -> [3s,2p]
Cu    S
      5.430321E+06           7.801026E-06          -4.404706E-06           9.704682E-07
      8.131665E+05           6.065666E-05          -3.424801E-05           7.549245E-06
      1.850544E+05           3.188964E-04          -1.801238E-04           3.968892E-05
      5.241466E+04           1.344687E-03          -7.600455E-04           1.677200E-04
      1.709868E+04           4.869050E-03          -2.759348E-03           6.095101E-04
      6.171994E+03           1.561013E-02          -8.900970E-03           1.978846E-03
      2.406481E+03           4.452077E-02          -2.579378E-02           5.798049E-03
      9.972584E+02           1.103111E-01          -6.623861E-02           1.534158E-02
      4.339289E+02           2.220342E-01          -1.445927E-01           3.540484E-02
      1.962869E+02           3.133739E-01          -2.440110E-01           6.702098E-02
      9.104280E+01           2.315121E-01          -2.504837E-01           8.026945E-02
      4.138425E+01           7.640920E-02           2.852577E-02          -1.927231E-02
      1.993278E+01           1.103818E-01           5.115874E-01          -3.160129E-01
      9.581891E+00           1.094372E-01           4.928061E-01          -4.573162E-01
      4.234516E+00           1.836311E-02           8.788437E-02           1.550841E-01
      1.985814E+00          -6.043084E-04          -5.820281E-03           7.202872E-01
      8.670830E-01           5.092245E-05           2.013508E-04           3.885122E-01
      1.813390E-01          -5.540730E-05          -5.182553E-04           1.924326E-02
      8.365700E-02           3.969482E-05           3.731503E-04          -7.103807E-03
Cu    P
      2.276057E+04           4.000000E-05          -1.500000E-05    
      5.387679E+03           3.610000E-04          -1.310000E-04    
      1.749945E+03           2.083000E-03          -7.550000E-04    
      6.696653E+02           9.197000E-03          -3.359000E-03    
      2.841948E+02           3.266000E-02          -1.208100E-02    
      1.296077E+02           9.379500E-02          -3.570300E-02    
      6.225415E+01           2.082740E-01          -8.250200E-02    
      3.092964E+01           3.339930E-01          -1.398900E-01    
      1.575827E+01           3.324930E-01          -1.407290E-01    
      8.094211E+00           1.547280E-01           3.876600E-02    
      4.046921E+00           2.127100E-02           3.426950E-01    
      1.967869E+00          -1.690000E-03           4.523100E-01    
      9.252950E-01          -1.516000E-03           2.770540E-01    
      3.529920E-01          -2.420000E-04           4.388500E-02    
      1.273070E-01           2.300000E-05          -2.802000E-03    
